18
1 1 1 1 1 1 1 1 1 1 1 1 1 1 1 1 1 1
1 0 0 0 0 0 0 0 0 0 0 1 0 0 0 0 0 1
1 0 1 0 1 1 1 1 1 1 0 1 0 1 1 1 0 1
1 0 1 0 1 0 0 0 1 0 0 1 0 0 1 0 0 1
1 0 1 0 1 1 1 0 0 0 1 1 1 1 1 1 0 1
1 0 1 0 0 0 1 0 1 0 1 0 0 0 0 0 0 1
1 1 1 1 1 0 0 0 1 0 1 1 1 0 1 1 1 1
1 0 0 0 1 0 1 0 1 0 0 0 0 0 0 0 0 1
1 0 1 0 1 0 1 1 1 1 1 1 1 1 0 1 1 1
1 0 1 0 1 0 0 0 1 0 0 0 0 0 0 0 0 1
1 0 1 0 1 1 1 1 1 0 1 1 1 1 1 1 0 1
1 0 1 0 0 0 0 0 1 0 1 0 1 0 0 0 0 1
1 0 1 1 1 1 1 0 1 0 1 0 0 0 1 0 1 1
1 0 0 0 0 0 0 0 1 0 1 1 1 1 1 0 1 1
1 0 1 1 1 1 1 0 1 0 1 0 1 1 0 0 0 1
1 0 0 0 0 0 0 0 0 0 1 0 1 0 0 1 1 1
1 0 1 1 1 1 1 1 1 0 0 0 0 0 1 1 1 1
1 1 1 1 1 1 1 1 1 1 1 1 1 1 1 1 1 1
1 1 13 14
11 6 7 10